train: [98.498, 98.46, 98.047, 97.67, 96.922, 95.152, 92.88, 90.123, 85.768, 57.77, 98.87, 99.092, 98.855, 98.458, 97.62, 96.563, 94.663, 93.22, 90.257, 79.655, 99.15, 99.33, 99.112, 98.887, 98.258, 97.675, 96.76, 95.337, 92.902, 87.278, 99.307, 99.497, 99.295, 99.082, 98.3, 97.325, 95.973, 94.058, 88.18, 40.673, 99.435, 99.617, 99.472, 99.175, 98.372, 97.385, 96.288, 95.162, 93.447, 85.753, 99.497, 99.642, 99.542, 99.242, 98.802, 98.003, 96.973, 96.088, 94.383, 85.777, 99.51, 99.72, 99.608, 99.343, 98.6, 97.968, 97.407, 96.242, 95.232, 91.343, 94.812, 99.427, 99.25, 99.055, 98.438, 97.15, 76.71, 47.558, 11.237, 11.237, 99.025, 99.61, 99.473, 99.125, 98.39, 97.348, 95.727, 93.122, 47.213, 21.133]

test: [97.21, 97.02, 97.03, 96.87, 96.03, 94.73, 92.93, 90.41, 85.51, 58.22, 97.63, 97.53, 97.41, 97.48, 96.7, 95.85, 94.09, 92.91, 90.32, 80.2, 98.04, 98.05, 97.97, 97.81, 97.47, 96.61, 95.92, 94.85, 92.93, 87.49, 97.64, 97.63, 97.75, 97.5, 96.8, 96.41, 95.09, 93.42, 88.12, 41.12, 97.92, 97.91, 97.8, 97.47, 96.86, 96.22, 95.42, 94.62, 92.53, 86.69, 97.93, 98.07, 98.03, 97.76, 97.26, 96.6, 95.75, 95.14, 93.69, 85.9, 98.01, 98.09, 98.1, 97.65, 97.12, 96.68, 96.1, 95.36, 94.74, 91.39, 94.42, 97.53, 97.24, 97.01, 96.51, 95.56, 75.13, 46.63, 11.35, 11.35, 96.94, 97.76, 97.55, 97.09, 96.42, 95.48, 94.36, 92.11, 47.17, 21.06]

space: [317824, 112, 112, 112, 112, 112, 112, 112, 112, 112, 635424, 112, 112, 112, 112, 112, 112, 112, 112, 112, 1270624, 112, 112, 112, 112, 112, 112, 112, 112, 112, 671536, 168, 168, 168, 168, 168, 168, 168, 168, 168, 1005136, 168, 168, 168, 168, 168, 168, 168, 168, 168, 1338736, 168, 168, 168, 168, 168, 168, 168, 168, 168, 1422736, 168, 168, 168, 168, 168, 168, 168, 168, 168, 679648, 224, 224, 224, 224, 224, 224, 224, 224, 224, 1058448, 224, 224, 224, 224, 224, 224, 224, 224, 224]









train: [99.305, 99.102, 99.397, 98.91, 99.397, 98.465, 99.4, 97.69, 99.4, 97.207, 99.388, 95.503, 99.385, 93.473, 99.345, 90.977, 99.162, 81.757, 98.05, 99.523, 99.448, 99.618, 99.137, 99.62, 98.845, 99.617, 98.347, 99.617, 97.507, 99.617, 96.568, 99.61, 95.592, 99.612, 93.542, 99.587, 88.8, 99.092, 99.548, 99.543, 99.64, 99.282, 99.638, 99.04, 99.633, 98.703, 99.63, 98.092, 99.635, 97.328, 99.638, 96.07, 99.633, 94.103, 99.62, 90.872, 99.412, 99.683, 99.695, 99.715, 99.57, 99.717, 99.277, 99.72, 98.915, 99.72, 98.168, 99.727, 97.352, 99.723, 96.73, 99.723, 95.245, 99.725, 91.02, 99.655, 99.322, 99.682, 99.443, 99.622, 99.453, 99.388, 99.425, 98.968, 99.41, 98.395, 99.405, 97.368, 99.385, 94.805, 99.38, 84.033, 99.388, 43.785, 99.39]
test: [97.97, 97.72, 98.03, 97.62, 98.05, 97.14, 98.05, 96.64, 98.04, 96.25, 97.96, 94.96, 97.95, 93.34, 97.89, 90.93, 97.82, 82.78, 97.05, 98.34, 98.02, 98.38, 97.79, 98.37, 97.8, 98.4, 97.31, 98.32, 96.52, 98.34, 95.75, 98.25, 94.89, 98.36, 93.37, 98.26, 89.05, 97.95, 98.24, 98.15, 98.2, 98.16, 98.19, 97.88, 98.18, 97.71, 98.2, 97.12, 98.18, 96.41, 98.16, 95.69, 98.18, 93.76, 98.24, 91.0, 97.87, 98.1, 98.29, 98.17, 98.08, 98.17, 97.76, 98.19, 97.52, 98.19, 96.89, 98.16, 96.36, 98.13, 95.83, 98.15, 94.79, 98.18, 91.22, 98.16, 97.25, 97.95, 97.5, 97.73, 97.39, 97.51, 97.44, 96.89, 97.3, 96.43, 97.34, 95.59, 97.33, 93.72, 97.27, 83.69, 97.32, 44.26, 97.24]






validation
